
================================================
Statistic      N    Mean    St. Dev.  Min   Max 
------------------------------------------------
vid           736  35.034    20.660    1    71  
year          736 1,996.993  3.161   1,992 2,002
witch_murders 736   0.091    0.323     0     3  
oth_murders   736   0.091    0.395     0     5  
any_rain      736   0.171    0.377     0     1  
any_disease   736   0.148    0.355     0     1  
famine        736   0.174    0.379     0     1  
educat        736   4.035    1.068   0.857 6.667
trad_relig    736   0.654    0.206   0.000 1.000
totalmurders  736   0.182    0.516     0     5  
------------------------------------------------
